645
741
674
558
594
657
739
684
825
708
645
848
811
640
885
696
863
791
843
626
755
939
809
614
768
748
769
779
901
625
696
688
709
728
703
812
628
562
551
839
729
747
465
832
538
716
820
708
785
505
729
721
941
614
720
686
607
737
722
684
713
712
858
783
741
662
727
855
739
693
740
678
841
663
628
775
657
681
659
728
772
632
734
791
714
850
640
708
831
648
729
891
606
693
787
714
760
736
681
617
650
779
697
692
581
697
646
662
808
744
806
797
695
636
791
635
818
712
681
707
649
775
642
735
713
731
974
1072
891
641
780
965
974
754
961
1015
1013
838
874
737
1105
633
992
945
793
797
882
784
675
927
603
896
818
735
1036
981
1191
796
943
789
861
844
962
615
942
841
691
678
958
923
1071
1112
537
958
959
994
864
927
785
1185
734
947
851
862
993
996
904
1128
744
611
685
709
755
740
677
806
559
800
695
742
701
803
797
834
803
785
569
688
811
423
769
619
595
593
567
569
760
628
693
787
678
607
688
692
548
753
599
730
696
652
703
706
708
699
792
789
847
812
779
831
792
732
740
504
745
667
761
728
804
522
854
620
715
789
699
676
607
806
547
732
707
676
736
593
740
771
601
557
770
758
665
637
657
516
694
626
787
755
526
813
713
700
759
751
526
645
795
623
608
671
651
739
718
755
719
685
638
868
699
711
541
722
680
660
659
814
691
703
854
579
599
514
645
820
697
812
925
545
780
639
762
634
872
819
608
717
966
918
669
684
748
541
666
789
964
841
872
793
596
706
824
778
682
695
557
653
559
667
758
834
881
886
646
627
473
877
1000
741
757
934
667
688
624
491
875
907
998
723
726
1017
861
721
769
787
715
646
677
973
680
697
515
588
763
855
565
785
840
780
721
578
594
573
684
694
788
692
807
544
703
681
650
629
563
699
748
518
598
739
749
790
756
749
669
780
664
513
605
593
811
713
601
689
812
817
627
610
791
717
854
781
751
820
817
611
717
493
847
785
564
753
719
802
828
843
654
688
815
749
702
614
683
710
846
630
871
804
589
785
570
569
697
725
756
807
655
657
769
801
609
755
841
791
658
835
777
635
826
691
597
796
759
851
800
863
651
688
578
746
864
685
465
643
610
524
720
811
768
625
718
543
858
838
480
770
757
885
645
815
687
558
770
499
626
611
650
726
582
689
620
889
572
643
735
780
812
644
835
860
765
754
723
770
744
863
761
605
687
626
707
723
692
650
571
734
675
754
685
654
704
675
506
753
732
808
724
617
834
717
769
700
665
636
593
767
485
786
544
721
775
610
702
488
654
513
703
538
696
665
703
804
789
660
500
660
699
595
682
787
605
732
626
885
749
692
788
559
748
719
515
788
685
650
791
698
748
737
827
850
819
829
741
764
749
725
707
778
699
576
762
702
672
721
479
721
807
640
713
835
762
495
647
837
671
661
604
603
725
692
898
680
748
854
787
733
718
682
814
523
772
770
699
636
776
693
487
920
628
620
620
573
733
660
588
687
737
722
732
698
763
866
779
680
852
698
789
785
927
587
667
851
684
517
740
645
698
679
725
734
711
660
768
695
598
690
694
690
605
621
567
681
854
805
675
671
724
822
683
597
717
737
813
657
482
528
682
741
778
465
760
558
688
718
643
603
625
579
767
694
628
660
720
635
560
690
467
710
678
738
521
585
720
833
610
755
606
754
688
588
740
598
862
731
717
720
558
701
802
853
772
665
678
809
643
737
738
753
924
715
704
786
607
664
885
614
608
849
658
913
654
616
567
672
667
722
768
712
609
739
720
545
757
645
782
707
794
951
741
872
750
852
862
812
784
808
783
619
670
712
477
579
611
795
762
644
630
667
759
617
803
832
807
868
636
655
586
737
621
965
705
696
870
635
663
761
812
786
850
641
641
706
746
836
977
655
578
716
563
960
769
715
763
915
801
763
789
799
589
596
732
851
626
920
725
796
656
699
833
835
765
555
784
895
736
780
807
916
613
680
710
689
757
627
872
657
683
736
823
656
629
747
836
757
930
501
863
599
511
744
756
774
743
876
675
895
804
804
572
832
896
662
904
807
640
749
905
876
843
668
721
714
790
773
825
737
655
827
619
599
548
776
768
584
818
737
896
726
809
778
834
910
853
844
570
613
680
825
717
792
650
824
806
827
629
732
614
642
784
810
674
538
813
661
711
499
647
658
727
813
716
749
727
814
932
541
843
787
695
730
591
667
664
615
571
567
706
636
578
528
747
740
759
826
765
877
735
562
768
621
575
702
789
545
698
765
800
846
637
715
912
696
730
789
740
709
635
792
678
800
746
781
887
669
664
847
853
845
745
682
744
1045
563
674
700
667
787
792
712
920
581
757
648
628
634
846
588
659
818
743
700
641
813
832
745
890
967
635
880
862
657
851
864
922
861
624
538
848
648
690
768
728
768
556
657
716
794
825
575
739
558
669
887
725
624
810
887
707
669
599
523
841
889
604
742
725
671
610
760
659
615
696
520
580
761
626
935
648
815
806
777
736
710
786
777
709
753
597
775
477
753
695
879
789
701
714
735
725
766
808
826
602
679
829
545
724
602
678
762
756
659
811
704
598
739
869
789
732
578
686
720
659
585
748
626
821
722
730
496
714
793
765
732
613
690
613
612
670
435
763
879
722
618
746
737
472
726
517
618
853
662
703
795
685
894
558
573
747
833
771
703
629
807
727
521
654
618
641
766
593
590
807
729
565
809
873
701
830
703
564
736
788
795
773
709
711
733
672
811
714
684
779
709
738
646
620
532
651
768
888
894
538
931
818
780
750
639
620
637
748
828
647
572
699
780
796
788
610
902
797
558
932
782
694
800
624
581
620
864
730
729
902
685
740
797
691
634
657
758
723
797
811
633
596
658
777
733
724
564
566
711
682
643
679
620
788
786
760
663
770
711
797
567
610
567
720
589
693
819
762
805
816
601
651
455
541
747
619
583
645
748
584
567
655
626
572
649
612
757
779
547
739
695
742
665
970
788
1016
567
605
820
783
940
701
570
798
985
517
792
815
1066
564
850
730
704
901
743
813
696
855
670
787
824
913
708
889
697
734
975
695
765
597
1021
1021
841
750
614
692
921
582
731
752
659
1050
782
798
872
698
881
652
685
655
881
731
782
908
728
727
625
731
645
675
738
895
772
748
723
762
835
761
644
583
618
743
772
501
658
804
695
666
625
903
866
745
862
771
897
757
693
553
751
874
566
501
841
774
689
807
786
606
785
779
898
580
778
741
805
873
769
739
719
746
563
837
661
795
774
721
669
702
535
747
704
642
826
501
780
655
769
761
572
525
847
745
700
785
777
592
742
681
754
839
785
787
831
509
705
742
520
719
732
546
734
671
704
789
810
729
626
692
577
887
782
709
796
549
777
643
795
605
746
697
702
732
610
858
722
620
669
793
649
659
646
679
779
666
581
648
652
685
603
572
803
747
706
679
552
686
717
729
629
720
760
614
818
680
624
668
796
725
599
719
640
594
749
756
689
658
673
577
736
640
547
710
713
758
571
659
777
658
777
855
621
628
649
594
526
648
555
781
587
594
723
652
671
680
541
927
741
669
735
725
715
907
517
581
763
777
687
627
648
750
887
576
752
464
650
627
780
817
611
765
459
757
597
677
654
895
573
760
512
682
781
729
814
594
642
801
769
668
519
700
834
867
724
722
592
654
692
774
678
831
668
151
574
663
703
485
773
698
779
709
614
1040
727
717
579
775
753
655
660
840
570
708
670
516
928
706
741
772
719
891
586
671
639
682
789
747
488
697
752
620
557
680
655
895
897
658
737
571
763
577
730
871
897
853
670
722
798
853
943
594
637
847
760
727
727
856
738
829
893
850
850
623
744
492
752
763
674
695
741
695
874
764
783
777
538
774
710
566
656
766
531
754
843
713
742
663
730
759
775
737
816
620
621
726
527
773
689
704
716
764
714
795
717
704
561
776
641
823
637
785
727
715
637
736
737
728
738
822
947
832
805
630
585
686
630
793
811
572
706
768
672
640
583
683
707
671
794
729
541
740
676
669
745
582
706
577
752
709
688
545
667
689
655
599
658
859
901
589
645
509
684
588
808
632
521
675
772
848
539
828
716
748
687
806
827
691
623
750
750
712
511
678
686
866
716
736
696
910
705
823
738
888
917
661
628
814
566
633
669
528
739
611
904
943
894
850
854
795
714
715
763
909
658
740
755
811
660
953
797
725
871
767
684
540
796
682
666
761
706
591
759
834
983
785
870
847
786
724
860
751
710
1035
722
830
694
795
680
774
864
658
695
637
637
754
787
754
563
687
783
794
690
790
857
925
725
594
830
868
604
695
692
892
748
636
846
841
905
689
796
769
768
537
602
753
649
668
846
568
858
886
778
756
801
867
889
653
872
647
825
782
986
829
731
772
641
934
859
692
882
637
567
788
664
745
782
812
743
876
530
802
554
801
782
566
807
554
680
761
792
754
630
694
773
716
704
730
755
591
623
721
826
722
600
806
671
541
645
709
692
796
632
574
642
801
651
734
588
780
801
689
581
486
725
733
778
785
597
593
640
697
826
762
786
801
499
797
840
783
615
713
531
890
904
828
821
810
627
906
691
807
893
901
844
723
822
751
800
857
903
619
785
798
941
839
503
810
874
843
586
794
752
818
1008
610
761
815
887
822
785
871
897
760
614
490
940
734
599
630
798
684
788
801
849
780
799
796
701
671
770
731
567
627
581
687
710
801
751
707
591
633
483
806
734
523
561
508
724
627
691
702
569
781
824
689
528
679
577
441
744
836
798
670
860
800
731
713
707
854
795
604
661
574
699
592
578
697
687
769
674
715
816
558
510
687
628
665
827
812
776
808
692
620
625
717
634
533
616
665
843
861
798
895
781
849
689
930
727
843
838
663
660
679
602
610
537
871
920
719
763
888
902
837
729
807
757
938
697
553
847
846
719
537
795
725
857
908
797
731
749
837
700
694
679
724
758
686
737
581
691
749
848
797
607
817
842
634
760
697
553
777
780
667
695
727
647
828
707
917
508
726
645
839
782
705
715
506
751
794
727
564
796
546
755
796
656
678
584
643
546
743
779
538
663
779
726
774
714
591
747
778
848
771
753
710
653
718
566
714
772
572
643
730
625
711
628
648
698
603
904
534
634
764
715
796
863
665
772
785
844
789
909
653
631
717
670
610
776
846
799
625
931
773
949
893
721
664
836
777
899
666
642
675
721
684
788
879
833
849
912
630
655
811
844
635
778
844
702
679
907
654
641
727
849
633
692
794
601
674
762
606
837
629
796
743
752
575
495
685
628
713
757
507
646
775
668
674
708
696
746
702
768
684
558
697
769
738
782
682
703
687
790
714
770
709
766
675
772
602
594
465
486
453
704
653
679
602
614
749
741
742
583
520
759
726
604
742
857
713
737
530
707
602
777
546
614
589
650
696
672
983
670
802
800
792
812
612
614
832
838
897
660
701
722
649
801
741
976
783
519
759
760
861
641
690
789
876
783
656
902
578
778
637
877
677
753
612
622
890
594
858
761
812
925
736
863
758
703
665
735
716
851
773
862
803
723
929
876
548
538
747
651
731
581
689
799
673
692
543
750
736
673
769
747
658
732
624
618
771
857
764
695
717
571
709
795
599
792
684
665
774
542
758
604
608
744
708
739
729
653
796
863
781
866
758
754
798
657
739
644
676
820
752
627
699
723
771
673
624
674
755
709
755
1019
847
705
593
863
824
738
809
712
566
635
777
728
631
782
620
688
745
724
802
1017
688
692
627
842
647
1101
892
795
803
890
653
776
833
922
811
1023
1010
700
915
822
765
1031
772
820
1061
832
694
754
819
880
708
794
936
627
853
843
786
691
552
776
591
570
790
559
854
739
595
829
554
946
824
698
851
796
518
585
593
518
839
803
812
673
799
730
763
713
715
758
804
814
772
875
791
734
752
769
623
761
747
854
745
848
714
729
758
743
823
780
746
772
568
702
668
686
646
794
704
784
613
764
588
804
512
842
840
655
719
684
544
797
747
715
621
821
735
953
739
737
496
537
799
623
657
567
804
532
879
609
527
645
607
858
843
734
928
736
733
753
818
667
767
573
665
603
542
678
702
806
640
591
649
735
566
647
695
593
569
786
690
901
528
770
904
934
875
810
538
854
769
718
767
713
962
725
623
938
835
699
688
944
582
599
590
832
773
723
613
763
932
719
890
752
843
680
878
930
790
710
721
760
792
780
779
591
759
790
647
701
629
674
702
789
734
625
808
921
682
717
852
697
940
751
640
894
645
913
911
916
908
713
518
774
855
757
648
615
763
756
930
740
829
708
753
745
721
628
675
902
745
691
842
794
708
720
664
854
832
589
766
884
699
914
646
655
761
821
645
586
756
832
748
521
808
781
769
717
619
751
513
656
675
960
677
779
683
737
730
745
737
770
667
789
764
662
737
628
858
674
703
765
782
547
649
700
528
719
758
546
546
657
804
595
799
635
685
762
680
767
769
835
538
664
555
690
712
682
552
762
776
777
598
764
811
681
728
670
728
606
784
748
810
715
555
717
575
604
804
825
676
721
628
747
537
680
603
750
753
779
872
666
708
919
673
724
767
873
718
563
696
788
832
619
806
665
910
677
708
729
561
716
591
789
815
631
679
889
763
548
665
759
723
572
336
734
866
720
732
729
724
702
824
864
577
723
777
816
703
623
931
570
677
825
762
686
753
722
768
896
839
567
546
875
929
767
729
739
701
651
983
562
749
676
721
830
661
760
838
635
653
731
723
918
735
514
728
753
666
786
689
608
833
768
791
589
862
850
556
589
736
599
768
745
826
707
756
593
519
798
836
715
732
805
758
783
166
679
965
866
935
827
843
713
617
833
690
529
722
577
765
566
695
722
815
547
737
548
640
726
806
717
753
717
660
732
754
604
712
675
600
675
757
766
584
617
778
655
653
782
803
769
502
738
742
703
791
641
778
518
706
752
737
846
917
706
561
666
677
680
737
546
754
652
752
769
949
740
895
820
685
784
732
825
734
859
859
637
755
694
692
848
915
838
594
953
848
836
648
558
642
736
814
686
964
729
806
826
608
789
796
749
824
966
614
792
488
733
830
733
648
714
1
536
680
865
640
798
770
859
753
859
779
681
615
881
616
787
667
796
721
680
647
799
675
674
691
800
509
522
666
701
648
693
740
555
693
791
680
757
632
686
736
477
823
579
650
597
731
743
668
553
738
710
590
747
636
835
559
709
720
646
768
657
580
737
617
561
685
404
757
566
565
555
776
679
539
725
627
750
728
616
583
560
617
679
690
768
507
734
739
692
845
696
747
559
617
738
756
698
868
745
665
725
511
673
842
688
636
850
727
574
722
797
654
715
654
664
733
672
871
742
642
683
739
606
489
811
578
799
620
610
793
445
517
766
653
676
678
648
742
689
756
759
708
675
619
725
769
806
721
676
675
749
659
603
819
678
696
826
737
527
761
543
740
862
769
704
726
585
734
746
704
661
748
749
816
540
484
537
683
743
832
777
597
841
637
775
840
700
722
767
724
666
678
727
761
604
802
662
497
868
728
680
635
587
562
670
695
776
704
781
895
677
537
617
482
630
658
707
693
618
751
451
504
674
694
790
529
488
748
741
644
497
700
732
803
767
850
621
509
830
784
564
554
590
600
659
709
724
626
797
770
774
683
595
826
783
691
903
778
673
785
683
713
531
787
706
810
807
765
586
465
671
563
834
705
493
696
544
825
785
568
583
646
579
698
631
745
665
583
906
739
721
656
703
665
843
882
561
858
744
738
607
645
751
715
906
777
850
810
580
722
743
670
799
734
764
677
546
780
867
723
865
732
743
701
814
762
822
782
778
768
864
762
703
677
937
808
809
819
801
700
576
481
696
693
778
593
711
853
754
583
639
744
641
833
585
672
824
679
789
786
601
834
640
728
762
774
560
682
698
729
675
690
482
849
612
773
846
515
683
892
697
813
690
506
523
947
757
570
745
706
751
681
640
761
802
794
759
737
611
711
691
779
781
597
740
652
868
494
689
541
721
656
680
682
687
653
782
681
783
753
705
713
588
783
545
817
574
526
520
601
762
617
805
676
735
751
703
739
508
834
648
713
636
556
702
656
809
693
373
706
804
792
817
707
736
563
883
692
692
891
787
633
635
862
680
851
755
585
829
848
787
634
762
662
504
651
792
802
827
868
762
652
682
719
933
737
714
581
717
810
838
712
908
936
679
621
659
703
718
855
818
928
598
685
760
769
868
739
973
755
792
829
818
869
770
599
785
891
530
740
692
537
665
520
807
696
796
830
761
672
761
824
534
785
729
553
871
685
602
579
720
760
594
807
780
767
745
939
619
565
643
723
635
735
749
691
512
752
827
870
794
746
748
753
646
640
721
795
662
758
820
704
841
738
820
504
866
684
884
639
619
506
795
823
740
796
777
529
685
524
581
746
622
753
659
636
784
862
689
750
848
612
725
910
622
776
700
901
729
710
792
768
805
658
653
883
837
524
791
833
777
749
674
761
793
649
586
851
855
692
661
683
708
834
759
553
548
757
494
689
778
607
731
594
830
817
616
744
856
813
658
787
742
871
689
696
794
740
687
772
755
828
507
847
723
726
877
726
747
785
704
596
679
694
721
887
812
564
711
644
572
688
631
666
763
710
724
605
902
940
557
759
775
686
800
841
798
702
611
814
881
741
680
669
765
639
556
495
666
865
605
801
693
559
770
739
616
616
760
703
506
717
690
762
862
912
721
721
815
782
873
683
796
581
857
625
759
613
727
810
626
687
511
540
822
838
744
731
749
681
749
790
730
605
632
597
839
807
756
726
876
546
653
643
635
722
830
459
643
581
829
867
854
629
734
751
863
872
706
695
665
646
669
793
618
849
934
550
523
684
800
761
769
898
824
641
792
816
740
680
741
772
634
824
874
755
803
926
725
622
589
664
780
735
630
777
616
867
805
737
813
533
589
643
835
756
770
705
699
613
687
734
806
563
631
879
722
951
785
920
714
839
706
522
941
1061
664
504
719
850
752
728
799
764
719
607
672
729
555
703
836
728
902
712
701
881
898
918
733
733
766
750
955
583
619
952
759
764
964
859
868
664
892
908
868
660
594
669
598
610
600
692
760
860
870
825
684
799
750
913
744
614
741
518
676
763
741
680
916
837
763
523
624
854
532
806
661
737
814
732
736
836
646
670
853
723
505
730
544
699
682
782
751
741
816
798
748
792
767
620
829
539
833
669
675
648
607
716
619
675
690
707
567
506
916
701
781
594
682
541
582
768
666
841
599
690
753
908
766
992
823
702
636
750
786
750
825
753
526
943
830
533
871
704
680
678
834
563
675
522
812
697
778
737
863
620
665
617
789
623
796
747
579
688
626
588
641
764
679
688
784
644
756
561
793
864
598
790
757
669
828
734
813
820
652
823
763
727
820
633
554
776
801
587
791
545
735
854
708
785
734
884
746
622
584
836
894
960
733
662
850
634
675
718
752
882
856
622
668
858
655
955
781
833
726
605
842
731
696
1011
704
583
803
767
823
897
634
767
832
646
556
910
607
725
797
785
815
742
728
775
834
783
769
667
654
670
789
889
713
722
540
878
563
666
926
674
560
629
784
756
617
813
541
898
757
862
665
689
697
677
745
694
880
659
578
691
678
688
775
756
569
640
607
611
727
592
845
662
766
877
746
909
651
650
800
688
810
787
863
650
668
799
656
866
757
546
780
520
628
537
574
837
616
713
857
750
860
700
630
644
823
780
730
648
777
869
904
857
822
718
751
812
802
761
711
809
750
683
605
583
721
657
829
742
534
759
739
577
664
788
706
679
831
806
658
825
767
706
759
699
741
706
748
1
638
633
552
787
673
735
533
719
638
725
672
723
749
708
595
713
807
638
769
702
507
751
850
708
750
752
604
512
821
763
712
774
800
709
565
665
596
777
703
750
730
566
615
536
587
712
631
649
783
666
595
839
695
613
730
655
743
497
591
624
597
840
654
884
732
644
679
739
775
482
682
547
799
890
770
803
663
861
686
513
573
788
847
725
831
558
741
789
688
735
617
820
927
650
832
778
594
885
712
794
838
782
817
777
812
692
646
846
919
770
692
605
765
627
595
733
824
641
753
570
651
615
661
696
514
1007
790
881
834
771
913
849
775
882
940
1064
870
1017
1084
1067
749
752
644
999
818
1001
766
812
1094
879
834
763
674
916
865
889
890
809
802
885
947
820
948
1032
843
1043
882
727
830
1090
706
890
909
1069
824
1011
989
757
759
910
778
942
1095
731
949
815
739
767
753
764
645
541
609
941
900
922
710
743
729
777
548
791
843
843
750
847
726
707
777
824
619
671
590
704
997
561
744
600
682
839
673
701
720
665
950
899
660
723
658
623
681
678
935
724
632
688
935
838
932
694
501
839
853
792
815
598
777
853
841
782
911
852
687
710
582
652
694
688
679
661
722
701
767
627
827
664
739
717
803
832
899
872
660
555
810
784
718
638
736
698
684
741
789
745
579
550
603
581
706
542
745
691
771
881
891
946
710
695
722
615
603
771
614
648
591
881
788
823
617
676
779
674
582
699
680
685
696
735
711
846
955
891
810
1068
1042
1095
783
1001
743
789
899
785
771
1063
950
890
924
557
823
753
821
888
1150
854
870
586
1032
1022
663
859
948
976
893
1104
916
1008
876
623
582
792
941
1079
1064
816
794
837
673
777
1114
810
813
737
749
1001
802
912
1037
622
832
853
621
818
591
781
848
749
766
705
679
564
782
874
903
873
730
652
804
645
711
596
762
712
727
626
618
821
641
738
695
807
797
699
841
669
750
704
694
661
632
627
669
756
533
552
762
793
747
746
815
752
889
694
666
745
861
859
699
647
753
633
801
502
764
652
881
757
559
578
680
649
715
716
737
776
754
625
811
853
721
793
828
844
726
598
734
803
620
570
840
756
635
704
524
727
596
679
736
572
718
645
621
749
839
553
857
595
833
799
850
911
719
780
749
684
549
628
644
820
774
717
751
805
646
699
578
748
810
622
580
792
632
579
789
678
725
454
767
644
644
713
577
682
747
473
487
737
640
641
705
564
763
575
727
575
710
794
680
804
762
638
759
614
747
757
766
690
657
544
739
770
783
674
662
757
635
783
720
639
810
633
791
480
632
751
714
646
593
782
719
898
865
841
695
862
605
916
935
663
841
808
837
818
757
849
880
779
667
812
709
868
731
643
749
640
702
876
796
626
917
590
698
798
779
827
673
771
753
854
730
841
777
572
623
970
691
717
885
487
710
769
608
625
765
545
710
700
563
886
846
617
725
869
577
900
828
911
633
729
618
751
617
665
734
811
765
793
703
819
754
481
691
838
697
558
585
798
840
465
780
774
657
664
810
755
774
713
592
642
579
690
633
744
701
595
899
840
635
682
729
853
841
715
567
560
632
737
926
658
664
827
742
683
743
717
711
732
856
660
891
724
784
754
846
825
682
854
640
928
556
861
692
621
732
639
771
758
675
653
629
866
649
813
752
773
770
604
892
572
753
526
849
809
848
786
744
602
611
586
911
761
741
830
615
557
647
568
719
522
900
728
763
735
812
676
710
725
693
816
780
521
634
674
800
658
718
542
726
789
755
850
744
569
889
786
740
651
612
715
641
739
685
788
647
695
576
791
594
716
784
639
793
788
745
812
779
665
632
658
848
479
578
536
708
795
747
685
704
891
571
628
745
791
589
721
828
686
760
853
623
777
613
711
770
832
856
867
609
666
509
587
623
691
832
877
722
646
765
674
630
442
830
697
559
645
558
708
655
575
762
757
798
518
581
778
735
679
642
661
708
795
759
689
805
798
704
735
483
812
961
614
604
890
641
672
740
736
705
804
633
542
979
714
812
829
819
646
702
556
707
562
747
711
814
805
786
522
630
680
723
813
795
837
823
650
792
753
785
653
654
665
813
677
745
728
741
902
503
767
768
646
865
761
593
611
562
570
722
543
533
483
819
798
724
507
728
696
805
811
808
651
682
806
684
852
